$ANSIBLE_VAULT;1.1;AES256
37663963323230633332636530353233393861353535616362613961653134646534376463353764
6435333234383163323965353665393739323130373862390a663633373264313235336637616564
63326431366563653131343133366166303463303234386130663063353837636234383763363966
6163363936346539340a353061616130623563346161313435393537623163616163316633613239
66346434656262383239393435613335386236653334386237663331356532636565353038306630
65313130616533623039326136333134333637316438336131663566353931653665613165333133
63366533396139666635613634666364373335353632383032656238623061626430653134363334
33663437366565643131393832393761643438626130376166306433326363383436316538643731
33343964313866616532653665346233356238666539316535383363636332636236343435366665
39363062396335616632613533333532653262393632616633386666643634633166323636633036
37316336373531613135323137663634366235646664383236353838333838356634376438393636
30323039356337316662
